[Variables]
Latitude=50.115520
Longitude=8.684170
